---- MLP - 2 hidden layer of size = (400, 400), activation function = logistic, learning rate = 0.01 ----
Train accuracy: 0.999 (+/- 0.001)
Validation accuracy: 0.953 (+/- 0.016)
Confusion matrix:
177.900 0.000 0.000 0.000 0.100 0.000 0.000 0.000 0.000 0.000
0.000 180.800 0.000 0.000 0.000 0.000 0.300 0.000 0.300 0.600
0.000 0.500 176.500 0.000 0.000 0.000 0.000 0.000 0.000 0.000
0.000 0.000 0.300 182.200 0.000 0.300 0.000 0.000 0.200 0.000
0.000 0.000 0.000 0.000 180.600 0.000 0.200 0.100 0.000 0.100
0.000 0.100 0.100 0.200 0.000 180.000 0.100 0.100 0.500 0.900
0.100 0.100 0.000 0.000 0.000 0.000 180.700 0.000 0.100 0.000
0.000 0.000 0.000 0.100 0.100 0.400 0.000 177.400 0.200 0.800
0.000 0.700 0.000 0.100 0.100 0.100 0.000 0.000 173.000 0.000
0.000 0.100 0.000 0.300 0.100 0.200 0.000 0.200 0.500 178.600

---- SVM non-linear(soft-margin) - kernel = polynomial with degree = 3 ----
Train accuracy: 0.999 (+/- 0.000)
Validation accuracy: 0.978 (+/- 0.013)
Confusion matrix:
177.900 0.000 0.000 0.000 0.100 0.000 0.000 0.000 0.000 0.000
0.000 181.900 0.000 0.000 0.000 0.000 0.100 0.000 0.000 0.000
0.000 0.100 176.900 0.000 0.000 0.000 0.000 0.000 0.000 0.000
0.000 0.000 0.000 182.500 0.000 0.200 0.000 0.000 0.300 0.000
0.000 0.100 0.000 0.000 180.900 0.000 0.000 0.000 0.000 0.000
0.000 0.000 0.000 0.000 0.000 181.400 0.100 0.000 0.000 0.500
0.000 0.100 0.000 0.000 0.000 0.100 180.700 0.000 0.100 0.000
0.100 0.000 0.000 0.000 0.000 0.000 0.000 178.000 0.000 0.900
0.000 0.200 0.000 0.000 0.000 0.100 0.000 0.200 173.300 0.200
0.000 0.000 0.000 0.400 0.000 0.200 0.000 0.200 0.600 178.600
